// cube one
l:100, 200, 100, 600, 255, 255, 255
l:100, 600, 500, 600, 255, 255, 255
l:500, 600, 500, 200, 255, 255, 255
l:500, 200, 100, 200, 255, 255, 255

l:200, 100, 200, 500, 255, 255, 255
l:200, 500, 600, 500, 255, 255, 255
l:600, 500, 600, 100, 255, 255, 255
l:600, 100, 200, 100, 255, 255, 255

l:100, 200, 200, 100, 255, 255, 255
l:100, 600, 200, 500, 255, 255, 255
l:500, 600, 600, 500, 255, 255, 255
l:500, 200, 600, 100, 255, 255, 255

// cube two
l:250, 350, 250, 750, 255, 255, 255
l:250, 750, 650, 750, 255, 255, 255
l:650, 750, 650, 350, 255, 255, 255
l:650, 350, 250, 350, 255, 255, 255

l:350, 250, 350, 650, 255, 255, 255
l:350, 650, 750, 650, 255, 255, 255
l:750, 650, 750, 250, 255, 255, 255
l:750, 250, 350, 250, 255, 255, 255

l:250, 350, 350, 250, 255, 255, 255
l:250, 750, 350, 650, 255, 255, 255
l:650, 750, 750, 650, 255, 255, 255
l:650, 350, 750, 250, 255, 255, 255

//connections
l:100, 200, 250, 350, 255, 255, 255
l:200, 100, 350, 250, 255, 255, 255
l:100, 600, 250, 750, 255, 255, 255
l:200, 500, 350, 650, 255, 255, 255
l:500, 600, 650, 750, 255, 255, 255
l:600, 500, 750, 650, 255, 255, 255
l:500, 200, 650, 350, 255, 255, 255
l:600, 100, 750, 250, 255, 255, 255