l:14, 21, 18, 22, 255, 255, 255
l:18, 22, 14, 21, 255, 0, 0

l:12, 21, 8, 22, 255, 255, 255
l:8, 22, 12, 21, 255, 0, 0

l:12, 19, 8, 18, 255, 255, 255
l:8, 18, 12, 19, 255, 0, 0

l:14, 19, 18, 18, 255, 255, 255
l:18, 18, 14, 19, 255, 0, 0

// 1st octant
l:34, 21, 38, 22, 255, 255, 255
// 2nd octant
l:32, 21, 28, 22, 255, 255, 255
// 3rd octant
l:32, 19, 28, 18, 255, 255, 255
// 4th octant
l:34, 19, 38, 18, 255, 255, 255

l:34, 41, 35, 45, 255, 255, 255
l:35, 45, 34, 41, 255, 0, 0

l:32, 41, 31, 45, 255, 255, 255
l:31, 45, 32, 41, 255, 0, 0

l:32, 39, 31, 35, 255, 255, 255
l:31, 35, 32, 39, 255, 0, 0

l:34, 39, 35, 35, 255, 255, 255
l:35, 35, 34, 39, 255, 0, 0

// 1st octant
l:54, 41, 55, 45, 255, 255, 255
// 2nd octant
l:52, 41, 51, 45, 255, 255, 255
// 3rd octant
l:54, 39, 55, 35, 255, 255, 255
// 4th octant
l:52, 39, 51, 35, 255, 255, 255